46
50000
27 19 39 4 43 
32 25 12 
33 4 
20 24 32 23 
28 43 8 37 20 
8 26 18 42 32 
17 28 
22 13 3 15 11 
38 
6 
35 17 4 
14 
30 32 33 15 8 
3 17 28 22 
21 
45 12 26 11 17 
16 44 40 2 
40 
20 6 29 
3 
36 15 
45 4 12 31 13 
39 
21 42 13 1 
45 
32 
0 39 
27 26 29 33 
25 
24 32 42 44 20 
19 
36 16 4 41 
23 13 30 
33 6 
26 9 40 
18 38 9 2 36 
20 7 35 44 36 
16 37 35 26 
30 31 
21 22 26 4 
18 
32 5 11 17 13 
5 33 6 36 45 
27 17 
40 26 36 
33 3 23 43 
15 40 42 16 
4 
25 16 8 35 13 
31 17 11 
27 40 8 
25 28 27 32 43 
16 15 44 8 1 
33 
7 44 15 
25 36 34 32 
20 
16 41 7 
0 37 
3 
36 27 22 6 2 
20 1 7 17 
2 1 10 18 28 
7 
37 36 42 22 
33 18 
31 36 26 
43 26 39 
17 19 15 6 1 
20 27 37 
28 9 16 19 44 
42 28 
35 6 0 3 
31 34 29 8 32 
5 27 24 19 
38 23 41 13 24 
41 1 18 10 28 
2 12 27 11 28 
22 31 38 44 37 
23 18 11 
9 20 11 
1 29 3 5 
38 35 11 
12 33 
24 
34 30 31 
19 10 36 
39 28 
2 45 23 10 
29 
42 20 17 0 45 
9 35 14 20 
16 31 
7 39 19 
30 43 22 38 4 
24 39 27 30 
21 
45 32 5 
20 
41 28 20 
18 34 29 35 
36 
37 43 24 13 20 
12 40 10 24 
20 16 26 
26 20 33 4 15 
31 10 7 19 
35 3 5 33 22 
11 19 
30 33 19 41 42 
17 18 
1 10 9 30 24 
21 
6 25 30 42 13 
21 40 3 30 
3 5 45 36 33 
1 5 13 12 
38 18 25 39 14 
5 
43 18 
23 
30 26 45 
5 28 38 8 
41 34 31 38 2 
5 
45 
38 43 6 
43 
22 13 11 41 44 
32 18 24 30 27 
24 15 39 30 16 
45 
2 10 6 
24 35 11 44 
6 
8 27 
2 26 20 
23 6 44 16 
18 11 
34 27 
3 10 
33 9 13 
33 19 10 38 
37 30 9 20 22 
43 39 6 
42 
27 
26 36 27 31 4 
34 15 31 
23 36 32 
41 28 
44 
12 1 
35 43 32 21 
11 28 3 
9 44 
17 35 6 
13 6 7 15 
16 41 0 7 10 
39 
6 28 42 41 12 
40 26 45 
27 9 19 44 29 
18 8 
9 18 23 
31 4 38 42 6 
44 
40 
42 11 3 26 5 
15 25 13 11 
19 15 
12 4 
30 29 8 41 36 
4 40 16 41 20 
37 29 
27 13 21 
15 
31 28 4 2 
7 
14 24 6 
26 35 2 
1 
14 
10 21 
20 33 25 
26 22 11 6 
6 0 
13 4 
36 19 27 9 13 
25 30 17 
12 22 42 40 1 
38 
4 
29 16 31 
27 29 19 12 
20 26 
16 15 5 
39 42 
23 
25 15 
24 43 10 
1 38 41 37 
11 10 
36 33 18 0 30 
6 2 24 20 
5 16 8 36 
44 32 45 
8 10 
30 
7 24 2 6 
9 6 44 27 
27 6 40 9 43 
6 19 24 
22 
16 
25 0 23 
37 30 0 13 
3 6 1 
18 33 2 39 
21 16 
8 24 
6 23 28 38 5 
36 40 
13 2 34 40 10 
3 9 18 
3 45 
28 18 
18 43 28 
41 7 6 10 1 
19 40 
8 
1 
33 8 36 
11 42 19 43 1 
44 32 9 42 37 
34 4 35 43 20 
3 5 28 30 33 
9 35 22 
15 31 41 
28 14 24 26 
33 
13 
15 
8 25 0 3 33 
31 15 
30 35 
20 33 18 
28 23 11 17 
32 3 0 33 41 
1 40 
3 38 37 0 
27 34 2 
37 1 
40 23 
5 10 
37 
11 16 8 17 14 
8 14 
1 
37 6 17 9 7 
8 44 
24 38 26 23 
38 36 
0 6 1 
40 22 39 17 
8 27 32 
36 
29 
5 14 35 
45 33 25 
17 35 12 39 
8 17 27 15 5 
39 41 26 11 9 
33 15 36 26 
16 11 39 26 
3 23 33 11 
24 0 
35 13 24 31 26 
15 2 9 24 14 
10 40 21 
12 22 13 42 30 
25 
21 9 8 28 
15 17 
31 3 26 7 44 
24 1 40 
28 
26 18 31 2 42 
16 14 32 30 
39 4 31 40 28 
19 5 34 25 45 
3 25 
40 25 11 4 
38 24 6 29 37 
24 5 30 
26 31 23 14 
26 25 32 35 0 
8 29 15 9 27 
24 23 
25 24 5 30 
22 39 19 10 34 
39 1 
26 9 34 13 15 
12 3 
24 28 
36 7 11 41 24 
32 44 37 13 14 
13 
4 
22 12 39 24 
8 38 1 
39 40 31 
44 
23 4 26 6 31 
40 
34 
7 4 44 5 
17 29 13 15 
22 45 24 29 
4 40 14 18 
12 
22 45 7 
32 15 
28 14 
15 
30 17 0 
24 22 
5 30 24 
12 35 19 
0 27 24 21 10 
29 
27 24 45 17 
26 36 31 1 
15 35 28 39 
40 
2 
26 14 0 35 
30 16 38 
34 35 40 
22 35 
12 3 7 1 17 
39 27 
14 21 18 
27 22 8 25 
19 34 5 
15 4 20 21 
12 37 10 
5 3 10 1 
2 
38 27 
3 6 20 43 5 
4 43 8 
22 6 36 
27 
8 19 28 10 15 
29 11 14 
27 16 34 44 
6 11 39 34 21 
6 21 42 23 
5 23 
31 23 
1 0 22 
30 
18 
24 19 5 37 41 
35 8 38 12 
21 
13 41 20 42 40 
37 27 19 40 12 
2 10 0 13 45 
5 33 
42 37 11 40 
37 4 41 11 
40 
19 6 42 12 
25 2 30 1 14 
37 
12 13 
35 21 7 37 
43 3 8 41 
7 41 27 
33 
19 0 10 18 
5 14 27 30 
17 42 37 0 
28 41 
20 42 30 26 11 
43 
38 15 34 
23 7 44 3 
5 44 16 36 13 
18 
5 36 30 34 45 
37 23 
9 28 10 32 33 
27 20 34 
17 41 
36 
34 35 6 30 14 
4 
24 
29 
12 32 36 25 38 
20 
32 28 
10 24 
37 11 27 13 6 
29 0 
41 
1 45 8 
16 41 10 33 
28 13 
20 
36 14 
25 16 27 4 
36 
0 14 24 35 40 
40 37 
5 6 39 25 12 
12 27 23 1 5 
27 4 44 33 
39 14 15 11 17 
24 19 35 
35 1 
39 27 34 
31 43 37 21 8 
8 
4 7 
16 
37 17 26 29 
9 33 30 22 8 
8 28 10 35 
1 19 45 9 8 
45 8 32 33 
11 
29 11 
9 
43 
34 
28 14 
4 33 25 
43 6 8 5 23 
16 22 25 8 
29 
13 27 42 6 
37 39 44 28 
24 4 41 23 22 
33 40 
38 18 32 
30 19 45 
22 26 2 
16 37 
5 41 17 18 
23 9 22 10 
5 17 
16 9 36 41 
9 
21 8 28 5 
5 
29 6 7 20 
29 32 2 
16 
44 24 
8 6 40 20 35 
21 14 43 2 
7 31 4 35 11 
32 4 34 36 28 
35 
41 11 
1 40 39 
13 7 32 
16 
36 19 9 37 14 
40 20 
30 19 16 
11 42 21 20 34 
13 40 42 3 22 
19 29 
5 31 
17 21 
8 
14 0 16 
45 20 
32 
39 13 
21 35 
12 19 
29 
32 21 
25 
10 
1 32 26 22 
32 
41 
20 
0 45 16 
45 
25 3 39 31 
44 32 17 20 
11 9 7 1 
40 
21 
13 
23 33 4 16 45 
45 18 
20 0 4 1 
12 21 43 0 
21 
24 16 36 
43 
43 12 33 11 
12 15 30 16 
43 7 39 
41 23 24 3 37 
17 
6 4 39 0 21 
39 10 
43 20 5 
31 
45 14 15 23 33 
40 
14 
19 
44 37 40 15 
25 
27 4 25 
3 14 30 
23 38 22 
27 11 12 
16 
0 16 
8 6 28 12 41 
32 5 
9 13 8 20 34 
27 22 34 43 
8 43 26 
19 39 44 28 
19 38 
6 11 0 19 22 
10 32 28 37 41 
12 6 
45 18 
30 33 18 3 7 
7 35 29 
10 41 13 6 16 
27 41 
20 22 28 38 
3 1 
32 40 13 
22 33 
24 29 35 
37 19 21 24 
7 2 3 9 26 
26 
41 33 23 14 12 
26 39 10 29 
23 5 45 27 40 
37 40 28 22 20 
41 36 10 8 14 
31 11 
15 3 
2 22 36 3 33 
8 9 4 
27 12 40 
14 17 36 3 
21 17 26 19 
14 10 23 0 
19 18 2 22 
5 
31 40 2 
9 1 42 21 
20 2 
37 35 10 40 43 
31 7 
20 34 3 13 
12 5 11 40 
14 
18 35 
10 
13 6 27 
35 42 5 9 34 
12 15 40 
29 27 38 26 10 
32 42 18 
32 4 30 44 
40 21 36 32 16 
13 18 27 
10 23 27 5 
11 8 34 1 
18 
30 6 33 40 5 
13 
25 
45 17 11 
8 
7 
43 
35 
23 
44 37 14 11 
24 26 41 25 
35 14 
29 23 31 28 26 
24 23 
42 33 
17 7 
10 9 21 14 5 
9 29 28 44 1 
37 25 
6 38 33 36 
31 
5 11 21 
8 25 5 9 
42 1 27 
31 27 0 20 21 
34 30 41 
12 13 29 20 1 
27 17 0 30 
24 39 22 20 
37 43 20 
16 23 35 29 
16 5 15 38 
24 34 
11 6 15 14 43 
25 26 
0 41 1 33 38 
19 
41 30 20 
32 5 42 
11 
32 31 17 40 
14 7 17 29 8 
0 16 31 6 24 
40 2 19 15 
5 36 
12 24 
22 26 14 21 
4 16 33 
24 
23 33 36 
28 7 4 8 
26 
41 24 18 
39 28 
28 39 13 
14 
14 
45 18 33 7 
10 
35 44 23 
41 11 38 
33 29 
42 11 31 26 
25 1 31 22 44 
8 24 32 4 38 
7 19 21 
33 
10 31 15 
19 21 40 5 26 
19 
27 42 24 32 18 
24 38 
29 23 
26 28 
16 17 
18 
3 39 36 9 7 
43 26 45 18 32 
18 11 19 42 30 
34 26 19 40 13 
21 34 1 5 12 
3 44 24 28 31 
37 9 10 
3 28 21 39 
26 3 37 35 27 
11 1 17 
30 20 29 
28 17 22 10 
35 19 
43 35 
39 
39 
32 28 26 39 24 
10 30 18 13 
45 12 4 21 30 
35 37 
39 
36 27 
14 24 5 20 
35 15 
3 7 
21 12 38 26 
14 17 27 
37 0 22 20 
34 33 16 27 
38 14 42 
38 12 3 43 
24 33 29 
15 29 37 16 
13 32 
20 35 30 14 
24 8 41 10 38 
23 
1 31 43 
28 17 27 
28 36 
3 
8 4 15 
31 
39 30 
35 1 12 28 
30 41 28 15 
32 18 8 33 0 
32 41 10 
31 20 
17 18 44 33 
39 9 30 13 
1 27 
7 26 
34 11 9 30 
21 30 27 18 15